{
    "exit_code_by_key": {
        "media.x_media__mutmut_1": 1,
        "media.x_media__mutmut_2": 1,
        "media.x_media__mutmut_3": 1,
        "media.x_media__mutmut_4": 0,
        "media.x_media__mutmut_5": 0,
        "media.x_media__mutmut_6": 0,
        "media.x_media__mutmut_7": 0,
        "media.x_media__mutmut_8": 1,
        "media.x_media__mutmut_9": 1,
        "media.x_media__mutmut_10": 0,
        "media.x_media__mutmut_11": 0,
        "media.x_media__mutmut_12": 0,
        "media.x_media__mutmut_13": 0,
        "media.x_media__mutmut_14": 1,
        "media.x_media__mutmut_15": 1,
        "media.x_media__mutmut_16": 1
    },
    "durations_by_key": {
        "media.x_media__mutmut_1": 0.685991,
        "media.x_media__mutmut_2": 0.261693,
        "media.x_media__mutmut_3": 0.239044,
        "media.x_media__mutmut_4": 0.264995,
        "media.x_media__mutmut_5": 0.377485,
        "media.x_media__mutmut_6": 0.366227,
        "media.x_media__mutmut_7": 0.281614,
        "media.x_media__mutmut_8": 0.371758,
        "media.x_media__mutmut_9": 0.367729,
        "media.x_media__mutmut_11": 0.240555,
        "media.x_media__mutmut_10": 0.343241,
        "media.x_media__mutmut_12": 0.24275,
        "media.x_media__mutmut_13": 0.1512,
        "media.x_media__mutmut_14": 0.113982,
        "media.x_media__mutmut_15": 0.103458,
        "media.x_media__mutmut_16": 0.12271
    },
    "type_check_error_by_key": {},
    "estimated_durations_by_key": {
        "media.x_media__mutmut_1": 0.013258743000278628,
        "media.x_media__mutmut_2": 0.013258743000278628,
        "media.x_media__mutmut_3": 0.013258743000278628,
        "media.x_media__mutmut_4": 0.013258743000278628,
        "media.x_media__mutmut_5": 0.013258743000278628,
        "media.x_media__mutmut_6": 0.013258743000278628,
        "media.x_media__mutmut_7": 0.013258743000278628,
        "media.x_media__mutmut_8": 0.013258743000278628,
        "media.x_media__mutmut_9": 0.013258743000278628,
        "media.x_media__mutmut_10": 0.013258743000278628,
        "media.x_media__mutmut_11": 0.013258743000278628,
        "media.x_media__mutmut_12": 0.013258743000278628,
        "media.x_media__mutmut_13": 0.013258743000278628,
        "media.x_media__mutmut_14": 0.013258743000278628,
        "media.x_media__mutmut_15": 0.013258743000278628,
        "media.x_media__mutmut_16": 0.013258743000278628
    }
}